year,        Gross domestic income,Compensation of employees, paid,    Wages and salaries,            To persons,            To the rest of the world,    Supplements to wages and salaries,Taxes on production and imports,Less: Subsidies 1,Net operating surplus,    Private enterprises,        Net interest and miscellaneous payments, domestic industries,        Business current transfer payments (net),        Proprietors' income with inventory valuation and capital consumption adjustments,        Rental income of persons with capital consumption adjustment,        Corporate profits with inventory valuation and capital consumption adjustments, domestic industries,            Taxes on corporate income,            Profits after tax with inventory valuation and capital consumption adjustments,                Net dividends,                Undistributed corporate profits with inventory valuation and capital consumption adjustments,    Current surplus of government enterprises 1,Consumption of fixed capital,    Private,    Government,Addendum:,    Statistical discrepancy
1929,103.8,51.4,50.5,,,1.0,6.8,0.0,,35.2,4.0,0.5,14.0,6.1,10.6,1.4,9.2,5.6,3.7,,10.4,9.4,1.0,,0.7
1930,92.6,47.2,46.2,1.0,7.0,0.1,28.3,4.3,0.5,10.9,5.4,7.4,0.8,6.5,5.3,1.2,10.2,9.2,1.0,-0.4
1931,76.7,40.1,39.2,1.0,6.7,0.1,20.5,4.3,0.5,8.3,4.4,3.0,0.5,2.5,4.1,-1.6,9.5,8.6,0.9,0.7
1932,59.3,31.4,30.5,0.9,6.6,0.1,13.1,4.1,0.6,5.0,3.6,-0.2,0.4,-0.5,2.6,-3.1,8.3,7.5,0.9,0.3
1933,56.7,29.8,29.0,0.8,6.9,0.2,12.1,3.7,0.5,5.3,2.9,-0.2,0.5,-0.7,2.0,-2.7,8.0,7.0,1.0,0.5
1934,66.4,34.6,33.7,0.9,7.6,0.5,16.3,3.8,0.5,7.0,2.5,2.5,0.7,1.7,2.5,-0.8,8.4,7.3,1.1,0.4
1935,74.5,37.7,36.7,1.0,8.0,0.6,20.9,3.9,0.5,10.1,2.6,3.9,1.0,2.9,2.7,0.2,8.5,7.3,1.1,-0.2
1936,83.7,43.3,42.0,1.4,8.5,0.3,23.4,3.7,0.5,10.4,2.7,6.1,1.4,4.7,4.4,0.3,8.8,7.5,1.3,1.2
1937,93.1,48.4,46.1,2.2,8.9,0.3,26.4,3.6,0.5,12.5,3.0,6.8,1.5,5.3,4.5,0.7,9.7,8.4,1.4,-0.1
1938,86.7,45.5,43.0,2.5,8.9,0.5,22.8,3.6,0.4,10.6,3.5,4.7,1.0,3.7,2.9,0.8,10.0,8.6,1.5,0.7
1939,92.2,48.6,46.0,2.6,9.1,0.8,25.1,3.6,0.4,11.1,3.7,6.3,1.4,4.8,3.6,1.2,10.1,8.6,1.5,1.3
1940,101.9,52.8,49.9,2.9,9.8,0.8,29.5,3.3,0.5,12.2,3.8,9.6,2.8,6.8,3.8,3.0,10.6,9.0,1.6,1.1
1941,129.0,66.2,62.1,4.2,11.1,0.5,40.1,3.3,0.5,16.7,4.4,15.3,7.6,7.7,4.2,3.5,12.1,10.0,2.1,0.3
1942,166.9,88.1,82.1,6.0,11.5,0.5,52.9,3.2,0.5,23.3,5.5,20.4,11.4,9.0,4.0,5.0,14.9,11.2,3.6,-0.9
1943,205.0,112.8,105.8,7.0,12.4,0.6,62.3,2.9,0.6,28.2,6.0,24.5,14.1,10.5,4.2,6.2,18.0,11.5,6.5,-1.8
1944,222.0,124.5,116.8,7.7,13.7,1.0,63.5,2.5,0.8,29.3,6.3,24.5,12.9,11.6,4.3,7.3,21.4,12.0,9.3,2.5
1945,224.3,126.5,117.6,8.9,15.1,1.1,60.7,2.3,0.9,30.8,6.6,20.1,10.7,9.4,4.4,5.0,23.2,12.5,10.7,3.8
1946,226.6,122.6,112.0,10.6,16.8,1.4,62.7,1.9,0.7,35.7,6.9,17.6,9.1,8.4,5.1,3.3,25.8,14.2,11.5,1.2
1947,247.1,132.4,123.0,9.4,18.1,0.4,67.8,2.4,0.7,34.6,6.9,23.2,11.3,11.9,5.6,6.3,29.2,17.7,11.5,2.9
1948,275.1,144.4,135.5,8.9,19.7,0.5,80.1,2.5,0.7,39.3,7.5,30.1,12.4,17.7,6.2,11.5,31.4,20.8,10.6,-0.3
1949,271.1,144.5,134.7,9.8,20.9,0.5,73.9,2.8,0.7,34.7,7.8,27.9,10.2,17.7,6.4,11.3,32.3,22.6,9.7,1.7
1950,298.9,158.4,147.2,11.2,23.0,0.8,85.0,3.1,0.8,37.5,8.8,34.8,17.9,16.9,7.9,9.0,33.4,24.3,9.1,1.2
1951,343.9,185.9,171.6,14.3,24.7,1.0,96.5,3.6,1.2,42.6,9.7,39.5,22.6,16.9,7.4,9.5,37.8,27.7,10.0,3.4
1952,365.2,201.3,185.6,15.7,27.1,0.8,96.9,4.0,1.2,43.0,10.8,37.8,19.4,18.4,7.5,10.9,40.6,29.5,11.1,2.6
1953,386.0,215.5,199.0,16.5,29.1,0.5,98.4,4.7,1.2,42.0,12.0,38.5,20.3,18.2,7.8,10.5,43.5,31.3,12.1,3.8
1954,388.3,214.5,197.3,17.2,28.9,0.3,99.2,5.5,0.9,42.3,13.1,37.5,17.6,19.9,7.9,12.0,46.0,33.0,13.0,2.9
1955,424.1,231.0,212.2,18.7,31.5,0.2,112.9,6.1,1.3,44.3,13.4,47.8,22.0,25.8,8.9,16.9,48.9,35.0,13.9,2.1
1956,452.2,249.7,229.1,20.6,34.2,0.7,114.9,6.9,1.7,45.8,13.7,46.8,22.0,24.8,9.5,15.4,54.1,38.8,15.3,-2.1
1957,475.2,263.1,240.0,23.0,36.6,1.1,117.8,8.1,1.8,47.8,14.1,46.0,21.4,24.6,9.9,14.8,58.9,42.3,16.7,-0.4
1958,481.4,265.2,241.4,23.8,37.7,1.4,117.5,9.5,1.7,50.2,14.8,41.3,19.0,22.4,9.8,12.5,62.4,44.9,17.5,0.6
1959,522.3,286.4,259.9,26.5,41.1,1.1,129.9,9.6,1.7,50.3,15.6,52.8,23.7,29.1,10.7,18.4,65.4,46.8,18.6,0.1
1960,544.6,302.0,273.0,29.0,44.5,1.1,130.9,10.5,1.7,50.6,16.5,51.5,22.8,28.8,11.4,17.4,67.9,48.2,19.7,-1.4
1961,564.3,311.2,280.7,30.6,47.0,2.0,137.2,12.2,1.9,53.2,17.2,52.6,22.9,29.7,11.5,18.2,70.6,49.8,20.8,-1.0
1962,605.2,333.0,299.5,33.6,50.4,2.3,149.6,13.9,2.1,55.2,18.0,60.3,24.1,36.2,12.4,23.8,74.1,51.8,22.3,-0.1
1963,640.1,351.2,314.9,36.3,53.4,2.2,158.9,14.8,2.5,56.4,18.7,66.4,26.4,40.1,13.6,26.5,78.0,54.2,23.8,-1.5
1964,685.8,376.9,337.8,39.0,57.3,2.7,171.2,17.0,3.0,59.1,18.8,73.2,28.2,45.1,15.0,30.1,82.4,57.3,25.1,0.0
1965,743.0,406.3,363.8,42.6,60.7,3.0,190.2,19.2,3.5,63.7,19.3,84.6,31.1,53.5,16.9,36.6,88.0,61.6,26.4,0.8
1966,809.9,450.3,400.3,50.0,63.2,3.9,204.8,22.0,3.4,67.9,19.9,91.6,33.9,57.7,17.8,39.9,95.3,67.2,28.1,5.1
1967,858.3,482.9,429.0,53.9,67.9,3.8,207.6,25.1,3.6,69.5,20.3,89.1,32.9,56.2,18.3,37.9,103.5,73.3,30.2,3.4
1968,939.3,532.1,472.0,60.1,76.4,4.2,221.4,27.1,4.2,73.8,20.1,96.1,39.6,56.5,20.2,36.3,113.3,80.6,32.7,3.2
1969,1018.3,586.0,518.3,67.7,83.9,4.5,228.1,34.1,4.8,77.0,20.4,91.8,40.0,51.8,20.4,31.4,124.9,89.4,35.4,1.6
1970,1070.5,625.1,551.5,73.6,91.4,4.8,223.2,41.2,4.4,77.8,20.7,79.1,34.8,44.4,20.4,24.0,136.8,98.3,38.5,5.3
1971,1158.3,667.0,584.5,82.5,100.5,4.7,248.3,45.5,4.2,83.9,21.9,92.8,38.2,54.6,20.3,34.3,148.9,107.6,41.2,9.5
1972,1275.3,733.6,638.8,94.9,107.9,6.6,280.6,50.3,4.8,95.1,22.8,107.7,42.3,65.3,21.9,43.4,160.9,117.5,43.4,7.1
1973,1422.4,815.1,708.8,106.3,117.2,5.2,319.5,59.5,5.7,112.5,23.3,118.5,50.0,68.5,23.1,45.4,178.1,131.5,46.6,6.1
1974,1541.4,890.3,772.3,118.0,124.9,3.3,326.0,75.4,6.8,112.2,23.3,108.2,52.8,55.5,23.5,32.0,206.2,153.2,53.0,7.4
1975,1675.7,950.2,814.9,135.3,135.3,4.5,361.5,87.5,9.0,118.2,22.5,124.2,51.6,72.6,26.4,46.2,237.5,178.8,58.7,13.2
1976,1857.1,1051.3,899.8,151.5,146.4,5.1,408.1,89.6,9.1,131.0,20.6,157.8,65.3,92.5,30.1,62.4,259.2,196.5,62.7,20.5
1977,2066.7,1169.0,994.2,174.8,159.7,7.1,460.1,104.6,8.1,144.5,16.2,186.7,74.4,112.2,33.7,78.5,288.3,221.1,67.2,19.3
1978,2333.4,1320.3,1120.7,199.7,170.9,8.9,528.9,120.0,10.4,166.0,16.9,215.7,84.9,130.8,39.6,91.2,325.1,252.1,72.9,23.2
1979,2587.4,1481.1,1253.4,227.7,180.1,8.5,566.8,143.6,12.8,179.4,16.6,214.4,90.0,124.4,41.5,82.9,371.1,290.7,80.4,44.8
1980,2818.6,1626.3,1373.5,252.8,200.3,9.8,580.8,187.4,14.0,171.6,19.7,188.1,87.2,100.9,47.3,53.6,426.0,335.0,91.0,43.9
1981,3174.2,1795.4,1511.5,283.9,235.6,11.5,674.8,235.0,16.9,179.7,25.4,217.8,84.3,133.5,58.3,75.2,485.0,381.9,103.1,36.7
1982,3338.2,1894.5,1587.7,306.8,240.9,15.0,687.3,273.4,19.3,171.2,26.1,197.3,66.5,130.8,61.3,69.4,534.3,420.4,113.9,6.8
1983,3584.0,2014.1,1677.7,336.4,263.3,21.3,769.7,289.6,21.7,186.3,27.5,244.7,80.6,164.1,71.3,92.7,560.5,438.8,121.8,54.2
1984,4002.0,2217.6,1845.1,372.5,289.8,21.1,922.8,336.2,29.2,228.2,27.9,301.3,97.5,203.8,78.5,125.3,594.3,463.5,130.8,38.7
1985,4295.5,2389.2,1982.8,406.4,308.1,21.4,981.6,360.6,34.1,241.1,29.5,316.4,99.4,217.0,85.7,131.3,636.7,496.4,140.2,51.3
1986,4513.4,2545.6,2104.1,441.5,323.4,24.9,985.2,385.9,36.0,256.5,21.9,284.9,109.7,175.2,88.3,86.9,682.2,531.6,150.6,76.7
1987,4829.7,2725.7,2257.6,468.0,347.5,30.3,1056.6,398.7,33.3,286.5,20.2,318.0,130.4,187.5,95.6,91.9,728.0,566.3,161.6,40.6
1988,5253.1,2950.9,2440.6,510.3,374.5,29.5,1169.8,428.2,32.8,325.8,25.1,357.9,141.6,216.3,98.0,118.2,782.4,608.3,174.1,-0.5
1989,5593.5,3143.9,2584.3,559.5,398.9,27.4,1235.4,483.7,38.3,341.9,24.4,347.1,146.1,201.0,126.4,74.7,836.1,650.1,186.0,64.2
1990,5888.2,3345.0,2743.5,601.5,425.0,27.0,1255.2,489.1,39.2,354.4,31.4,341.1,145.4,195.6,144.1,51.6,886.8,689.0,197.8,91.4
1991,6085.7,3454.7,2817.2,637.5,457.1,27.5,1262.3,450.6,38.9,356.0,42.0,374.9,138.6,236.3,156.2,80.1,931.1,722.4,208.8,88.4
1992,6428.4,3674.1,2968.5,705.6,483.4,30.1,1331.4,422.8,39.7,402.4,64.3,402.2,148.7,253.5,161.5,92.0,959.7,744.2,215.6,110.9
1993,6726.4,3824.0,3082.7,741.3,503.1,36.7,1421.6,413.0,39.4,430.5,93.6,445.1,171.0,274.0,184.7,89.3,1003.6,780.0,223.6,152.3
1994,7171.9,4014.1,3240.6,773.5,545.2,32.5,1577.7,416.0,40.7,459.5,117.5,543.9,193.1,350.8,197.8,153.0,1055.6,824.3,231.2,136.8
1995,7573.5,4206.7,3422.1,784.6,557.9,34.8,1705.3,436.6,45.0,484.5,129.2,610.1,217.8,392.2,226.2,166.1,1122.8,882.6,240.2,90.6
1996,8043.6,4426.2,3620.6,805.6,580.8,35.2,1879.0,447.9,52.6,547.4,147.0,684.1,231.5,452.6,263.1,189.5,1176.0,931.0,245.0,56.6
1997,8596.2,4719.1,3881.2,837.8,611.6,33.8,2041.9,493.7,50.1,587.9,152.0,758.2,245.4,512.8,292.2,220.6,1240.0,990.1,249.9,12.3
1998,9149.3,5082.4,4186.2,896.2,639.5,36.4,2137.3,557.8,64.1,644.2,169.9,701.3,248.4,453.0,314.8,138.2,1310.3,1054.9,255.3,-60.1
1999,9698.1,5417.5,4465.2,952.3,673.6,45.2,2235.2,575.7,67.8,700.4,183.1,708.2,258.8,449.4,306.4,143.1,1400.9,1135.9,264.9,-37.5
2000,10384.3,5863.1,4832.4,1030.7,708.6,45.8,2333.4,667.6,85.3,757.8,187.7,635.0,265.1,369.9,355.4,14.5,1514.2,1236.6,277.7,-99.5
2001,10736.8,6053.8,4961.6,1092.1,727.7,58.7,2404.9,677.8,99.1,836.8,207.5,583.6,203.3,380.3,329.9,50.4,1604.0,1317.7,286.3,-115.0
2002,11050.3,6149.7,5004.2,1145.5,762.6,41.4,2510.3,592.9,80.7,871.0,217.3,748.4,192.3,556.1,352.3,203.8,1662.1,1368.0,294.1,-72.8
2003,11524.3,6372.7,5146.1,1226.6,808.0,49.1,2661.5,557.4,76.3,900.1,238.0,889.7,243.8,646.0,401.9,244.1,1727.2,1422.4,304.9,-13.6
2004,12283.5,6748.8,5431.2,1317.6,863.9,46.4,2887.3,510.1,81.4,962.1,255.4,1078.3,306.1,772.2,501.8,270.4,1831.7,1509.3,322.4,-8.6
2005,13129.2,7097.9,5703.1,1394.8,934.5,60.9,3182.1,632.2,93.9,979.0,238.4,1238.7,412.4,826.3,319.7,506.6,1982.0,1635.3,346.7,-35.5
2006,14073.2,7513.7,6068.8,1444.9,991.9,51.5,3492.3,758.1,82.6,1053.7,207.5,1390.3,473.4,917.0,648.1,268.9,2136.0,1765.0,371.0,-217.3
2007,14460.1,7908.8,6405.7,1503.1,1034.6,54.6,3323.5,880.7,98.6,979.2,189.4,1175.6,445.5,730.1,678.5,51.6,2264.4,1865.0,399.4,17.5
2008,14619.2,8090.0,6543.6,1546.4,1041.9,52.6,3197.7,916.4,114.4,1026.5,262.1,878.4,309.1,569.3,628.1,-58.8,2363.4,1936.9,426.5,99.4
2009,14343.4,7795.7,6260.1,1535.6,1026.1,58.3,3232.2,760.9,124.9,973.0,333.7,1039.8,269.4,770.3,456.5,313.8,2368.4,1925.7,442.7,75.3
2010,14915.2,7969.5,6385.6,1583.9,1057.1,55.9,3585.7,670.6,128.5,1032.7,402.8,1351.2,370.6,980.7,442.5,538.1,2381.6,1923.5,458.1,49.2
2011,15556.3,8277.1,6641.2,1635.9,1102.6,60.1,3810.5,655.2,131.5,1143.7,485.3,1394.7,379.1,1015.6,548.8,466.9,2450.6,1971.1,479.6,-38.3
2012,16358.5,8618.5,6938.9,1679.6,1132.1,58.0,4151.0,691.9,104.7,1241.4,525.3,1587.8,447.6,1140.2,680.1,460.1,2534.2,2038.0,496.2,-203.3
2013,16840.8,8848.7,7123.5,1725.3,1178.0,59.4,4259.4,668.9,119.4,1285.1,563.4,1622.6,468.9,1153.7,777.7,376.0,2632.8,2126.6,506.2,-177.6
2014,17560.1,9258.4,7487.2,1771.2,1213.7,57.9,4417.5,678.0,127.3,1346.7,610.8,1654.7,513.9,1140.9,724.4,416.5,2746.7,2229.9,516.8,-212.0
